Disease,Year,Pro_Code,PROVINCE,Week_no,Count,lag_0,lag_1,lag_2,lag_3,lag_4,lag_5,lag_6,lag_7,lag_8,lag_9,lag_10,lag_11,lag_12,lag_13,lag_14,lag_15,lag_16,lag_17,lag_18,lag_19,lag_20,lag_21,lag_22,lag_23,lag_24,lag_25,lag_26,lag_27,lag_28,lag_29,lag_30,lag_31,lag_32,lag_33,lag_34,lag_35,lag_36,lag_37,lag_38,lag_39,lag_40,lag_41,lag_42,lag_43,lag_44,lag_45,lag_46,lag_47,lag_48,lag_49,lag_50,lag_51,lag_52
Dengue,2020,GTM,GUATEMALA,1,365,365,0,0,0,0,0,0,0,0,0,0,0,0,0,0,0,0,0,0,0,0,0,0,0,0,0,0,0,0,0,0,0,0,0,0,0,0,0,0,0,0,0,0,0,0,0,0,0,0,0,0,0,0
Dengue,2020,GTM,GUATEMALA,2,279,279,365,0,0,0,0,0,0,0,0,0,0,0,0,0,0,0,0,0,0,0,0,0,0,0,0,0,0,0,0,0,0,0,0,0,0,0,0,0,0,0,0,0,0,0,0,0,0,0,0,0,0,0
Dengue,2020,GTM,GUATEMALA,3,324,324,279,365,0,0,0,0,0,0,0,0,0,0,0,0,0,0,0,0,0,0,0,0,0,0,0,0,0,0,0,0,0,0,0,0,0,0,0,0,0,0,0,0,0,0,0,0,0,0,0,0,0,0
Dengue,2020,GTM,GUATEMALA,4,334,334,324,279,365,0,0,0,0,0,0,0,0,0,0,0,0,0,0,0,0,0,0,0,0,0,0,0,0,0,0,0,0,0,0,0,0,0,0,0,0,0,0,0,0,0,0,0,0,0,0,0,0,0
Dengue,2020,GTM,GUATEMALA,5,298,298,334,324,279,365,0,0,0,0,0,0,0,0,0,0,0,0,0,0,0,0,0,0,0,0,0,0,0,0,0,0,0,0,0,0,0,0,0,0,0,0,0,0,0,0,0,0,0,0,0,0,0,0
Dengue,2020,GTM,GUATEMALA,6,269,269,298,334,324,279,365,0,0,0,0,0,0,0,0,0,0,0,0,0,0,0,0,0,0,0,0,0,0,0,0,0,0,0,0,0,0,0,0,0,0,0,0,0,0,0,0,0,0,0,0,0,0,0
Dengue,2020,GTM,GUATEMALA,7,238,238,269,298,334,324,279,365,0,0,0,0,0,0,0,0,0,0,0,0,0,0,0,0,0,0,0,0,0,0,0,0,0,0,0,0,0,0,0,0,0,0,0,0,0,0,0,0,0,0,0,0,0,0
Dengue,2020,GTM,GUATEMALA,8,233,233,238,269,298,334,324,279,365,0,0,0,0,0,0,0,0,0,0,0,0,0,0,0,0,0,0,0,0,0,0,0,0,0,0,0,0,0,0,0,0,0,0,0,0,0,0,0,0,0,0,0,0,0
Dengue,2020,GTM,GUATEMALA,9,224,224,233,238,269,298,334,324,279,365,0,0,0,0,0,0,0,0,0,0,0,0,0,0,0,0,0,0,0,0,0,0,0,0,0,0,0,0,0,0,0,0,0,0,0,0,0,0,0,0,0,0,0,0
Dengue,2020,GTM,GUATEMALA,10,232,232,224,233,238,269,298,334,324,279,365,0,0,0,0,0,0,0,0,0,0,0,0,0,0,0,0,0,0,0,0,0,0,0,0,0,0,0,0,0,0,0,0,0,0,0,0,0,0,0,0,0,0,0
Dengue,2020,GTM,GUATEMALA,11,155,155,232,224,233,238,269,298,334,324,279,365,0,0,0,0,0,0,0,0,0,0,0,0,0,0,0,0,0,0,0,0,0,0,0,0,0,0,0,0,0,0,0,0,0,0,0,0,0,0,0,0,0,0
Dengue,2020,GTM,GUATEMALA,12,85,85,155,232,224,233,238,269,298,334,324,279,365,0,0,0,0,0,0,0,0,0,0,0,0,0,0,0,0,0,0,0,0,0,0,0,0,0,0,0,0,0,0,0,0,0,0,0,0,0,0,0,0,0
Dengue,2020,GTM,GUATEMALA,13,89,89,85,155,232,224,233,238,269,298,334,324,279,365,0,0,0,0,0,0,0,0,0,0,0,0,0,0,0,0,0,0,0,0,0,0,0,0,0,0,0,0,0,0,0,0,0,0,0,0,0,0,0,0
Dengue,2020,GTM,GUATEMALA,14,61,61,89,85,155,232,224,233,238,269,298,334,324,279,365,0,0,0,0,0,0,0,0,0,0,0,0,0,0,0,0,0,0,0,0,0,0,0,0,0,0,0,0,0,0,0,0,0,0,0,0,0,0,0
Dengue,2020,GTM,GUATEMALA,15,57,57,61,89,85,155,232,224,233,238,269,298,334,324,279,365,0,0,0,0,0,0,0,0,0,0,0,0,0,0,0,0,0,0,0,0,0,0,0,0,0,0,0,0,0,0,0,0,0,0,0,0,0,0
Dengue,2020,GTM,GUATEMALA,16,86,86,57,61,89,85,155,232,224,233,238,269,298,334,324,279,365,0,0,0,0,0,0,0,0,0,0,0,0,0,0,0,0,0,0,0,0,0,0,0,0,0,0,0,0,0,0,0,0,0,0,0,0,0
Dengue,2020,GTM,GUATEMALA,17,68,68,86,57,61,89,85,155,232,224,233,238,269,298,334,324,279,365,0,0,0,0,0,0,0,0,0,0,0,0,0,0,0,0,0,0,0,0,0,0,0,0,0,0,0,0,0,0,0,0,0,0,0,0
Dengue,2020,GTM,GUATEMALA,18,101,101,68,86,57,61,89,85,155,232,224,233,238,269,298,334,324,279,365,0,0,0,0,0,0,0,0,0,0,0,0,0,0,0,0,0,0,0,0,0,0,0,0,0,0,0,0,0,0,0,0,0,0,0
Dengue,2020,GTM,GUATEMALA,19,72,72,101,68,86,57,61,89,85,155,232,224,233,238,269,298,334,324,279,365,0,0,0,0,0,0,0,0,0,0,0,0,0,0,0,0,0,0,0,0,0,0,0,0,0,0,0,0,0,0,0,0,0,0
Dengue,2020,GTM,GUATEMALA,20,99,99,72,101,68,86,57,61,89,85,155,232,224,233,238,269,298,334,324,279,365,0,0,0,0,0,0,0,0,0,0,0,0,0,0,0,0,0,0,0,0,0,0,0,0,0,0,0,0,0,0,0,0,0
Dengue,2020,GTM,GUATEMALA,21,113,113,99,72,101,68,86,57,61,89,85,155,232,224,233,238,269,298,334,324,279,365,0,0,0,0,0,0,0,0,0,0,0,0,0,0,0,0,0,0,0,0,0,0,0,0,0,0,0,0,0,0,0,0
Dengue,2020,GTM,GUATEMALA,22,74,74,113,99,72,101,68,86,57,61,89,85,155,232,224,233,238,269,298,334,324,279,365,0,0,0,0,0,0,0,0,0,0,0,0,0,0,0,0,0,0,0,0,0,0,0,0,0,0,0,0,0,0,0
Dengue,2020,GTM,GUATEMALA,23,99,99,74,113,99,72,101,68,86,57,61,89,85,155,232,224,233,238,269,298,334,324,279,365,0,0,0,0,0,0,0,0,0,0,0,0,0,0,0,0,0,0,0,0,0,0,0,0,0,0,0,0,0,0
Dengue,2020,GTM,GUATEMALA,24,100,100,99,74,113,99,72,101,68,86,57,61,89,85,155,232,224,233,238,269,298,334,324,279,365,0,0,0,0,0,0,0,0,0,0,0,0,0,0,0,0,0,0,0,0,0,0,0,0,0,0,0,0,0
Dengue,2020,GTM,GUATEMALA,25,133,133,100,99,74,113,99,72,101,68,86,57,61,89,85,155,232,224,233,238,269,298,334,324,279,365,0,0,0,0,0,0,0,0,0,0,0,0,0,0,0,0,0,0,0,0,0,0,0,0,0,0,0,0
Dengue,2020,GTM,GUATEMALA,26,116,116,133,100,99,74,113,99,72,101,68,86,57,61,89,85,155,232,224,233,238,269,298,334,324,279,365,0,0,0,0,0,0,0,0,0,0,0,0,0,0,0,0,0,0,0,0,0,0,0,0,0,0,0
Dengue,2020,GTM,GUATEMALA,27,89,89,116,133,100,99,74,113,99,72,101,68,86,57,61,89,85,155,232,224,233,238,269,298,334,324,279,365,0,0,0,0,0,0,0,0,0,0,0,0,0,0,0,0,0,0,0,0,0,0,0,0,0,0
Dengue,2020,GTM,GUATEMALA,28,89,89,89,116,133,100,99,74,113,99,72,101,68,86,57,61,89,85,155,232,224,233,238,269,298,334,324,279,365,0,0,0,0,0,0,0,0,0,0,0,0,0,0,0,0,0,0,0,0,0,0,0,0,0
Dengue,2020,GTM,GUATEMALA,29,83,83,89,89,116,133,100,99,74,113,99,72,101,68,86,57,61,89,85,155,232,224,233,238,269,298,334,324,279,365,0,0,0,0,0,0,0,0,0,0,0,0,0,0,0,0,0,0,0,0,0,0,0,0
Dengue,2020,GTM,GUATEMALA,30,89,89,83,89,89,116,133,100,99,74,113,99,72,101,68,86,57,61,89,85,155,232,224,233,238,269,298,334,324,279,365,0,0,0,0,0,0,0,0,0,0,0,0,0,0,0,0,0,0,0,0,0,0,0
Dengue,2020,GTM,GUATEMALA,31,81,81,89,83,89,89,116,133,100,99,74,113,99,72,101,68,86,57,61,89,85,155,232,224,233,238,269,298,334,324,279,365,0,0,0,0,0,0,0,0,0,0,0,0,0,0,0,0,0,0,0,0,0,0
Dengue,2020,GTM,GUATEMALA,32,59,59,81,89,83,89,89,116,133,100,99,74,113,99,72,101,68,86,57,61,89,85,155,232,224,233,238,269,298,334,324,279,365,0,0,0,0,0,0,0,0,0,0,0,0,0,0,0,0,0,0,0,0,0
Dengue,2020,GTM,GUATEMALA,33,76,76,59,81,89,83,89,89,116,133,100,99,74,113,99,72,101,68,86,57,61,89,85,155,232,224,233,238,269,298,334,324,279,365,0,0,0,0,0,0,0,0,0,0,0,0,0,0,0,0,0,0,0,0
Dengue,2020,GTM,GUATEMALA,34,62,62,76,59,81,89,83,89,89,116,133,100,99,74,113,99,72,101,68,86,57,61,89,85,155,232,224,233,238,269,298,334,324,279,365,0,0,0,0,0,0,0,0,0,0,0,0,0,0,0,0,0,0,0
Dengue,2020,GTM,GUATEMALA,35,68,68,62,76,59,81,89,83,89,89,116,133,100,99,74,113,99,72,101,68,86,57,61,89,85,155,232,224,233,238,269,298,334,324,279,365,0,0,0,0,0,0,0,0,0,0,0,0,0,0,0,0,0,0
Dengue,2020,GTM,GUATEMALA,36,64,64,68,62,76,59,81,89,83,89,89,116,133,100,99,74,113,99,72,101,68,86,57,61,89,85,155,232,224,233,238,269,298,334,324,279,365,0,0,0,0,0,0,0,0,0,0,0,0,0,0,0,0,0
Dengue,2020,GTM,GUATEMALA,37,46,46,64,68,62,76,59,81,89,83,89,89,116,133,100,99,74,113,99,72,101,68,86,57,61,89,85,155,232,224,233,238,269,298,334,324,279,365,0,0,0,0,0,0,0,0,0,0,0,0,0,0,0,0
Dengue,2020,GTM,GUATEMALA,38,66,66,46,64,68,62,76,59,81,89,83,89,89,116,133,100,99,74,113,99,72,101,68,86,57,61,89,85,155,232,224,233,238,269,298,334,324,279,365,0,0,0,0,0,0,0,0,0,0,0,0,0,0,0
Dengue,2020,GTM,GUATEMALA,39,70,70,66,46,64,68,62,76,59,81,89,83,89,89,116,133,100,99,74,113,99,72,101,68,86,57,61,89,85,155,232,224,233,238,269,298,334,324,279,365,0,0,0,0,0,0,0,0,0,0,0,0,0,0
Dengue,2020,GTM,GUATEMALA,40,57,57,70,66,46,64,68,62,76,59,81,89,83,89,89,116,133,100,99,74,113,99,72,101,68,86,57,61,89,85,155,232,224,233,238,269,298,334,324,279,365,0,0,0,0,0,0,0,0,0,0,0,0,0
Dengue,2020,GTM,GUATEMALA,41,62,62,57,70,66,46,64,68,62,76,59,81,89,83,89,89,116,133,100,99,74,113,99,72,101,68,86,57,61,89,85,155,232,224,233,238,269,298,334,324,279,365,0,0,0,0,0,0,0,0,0,0,0,0
Dengue,2020,GTM,GUATEMALA,42,52,52,62,57,70,66,46,64,68,62,76,59,81,89,83,89,89,116,133,100,99,74,113,99,72,101,68,86,57,61,89,85,155,232,224,233,238,269,298,334,324,279,365,0,0,0,0,0,0,0,0,0,0,0
Dengue,2020,GTM,GUATEMALA,43,68,68,52,62,57,70,66,46,64,68,62,76,59,81,89,83,89,89,116,133,100,99,74,113,99,72,101,68,86,57,61,89,85,155,232,224,233,238,269,298,334,324,279,365,0,0,0,0,0,0,0,0,0,0
Dengue,2020,GTM,GUATEMALA,44,53,53,68,52,62,57,70,66,46,64,68,62,76,59,81,89,83,89,89,116,133,100,99,74,113,99,72,101,68,86,57,61,89,85,155,232,224,233,238,269,298,334,324,279,365,0,0,0,0,0,0,0,0,0
Dengue,2020,GTM,GUATEMALA,45,47,47,53,68,52,62,57,70,66,46,64,68,62,76,59,81,89,83,89,89,116,133,100,99,74,113,99,72,101,68,86,57,61,89,85,155,232,224,233,238,269,298,334,324,279,365,0,0,0,0,0,0,0,0
Dengue,2020,GTM,GUATEMALA,46,39,39,47,53,68,52,62,57,70,66,46,64,68,62,76,59,81,89,83,89,89,116,133,100,99,74,113,99,72,101,68,86,57,61,89,85,155,232,224,233,238,269,298,334,324,279,365,0,0,0,0,0,0,0
Dengue,2020,GTM,GUATEMALA,47,40,40,39,47,53,68,52,62,57,70,66,46,64,68,62,76,59,81,89,83,89,89,116,133,100,99,74,113,99,72,101,68,86,57,61,89,85,155,232,224,233,238,269,298,334,324,279,365,0,0,0,0,0,0
Dengue,2020,GTM,GUATEMALA,48,30,30,40,39,47,53,68,52,62,57,70,66,46,64,68,62,76,59,81,89,83,89,89,116,133,100,99,74,113,99,72,101,68,86,57,61,89,85,155,232,224,233,238,269,298,334,324,279,365,0,0,0,0,0
Dengue,2020,GTM,GUATEMALA,49,26,26,30,40,39,47,53,68,52,62,57,70,66,46,64,68,62,76,59,81,89,83,89,89,116,133,100,99,74,113,99,72,101,68,86,57,61,89,85,155,232,224,233,238,269,298,334,324,279,365,0,0,0,0
Dengue,2020,GTM,GUATEMALA,50,24,24,26,30,40,39,47,53,68,52,62,57,70,66,46,64,68,62,76,59,81,89,83,89,89,116,133,100,99,74,113,99,72,101,68,86,57,61,89,85,155,232,224,233,238,269,298,334,324,279,365,0,0,0
Dengue,2020,GTM,GUATEMALA,51,15,15,24,26,30,40,39,47,53,68,52,62,57,70,66,46,64,68,62,76,59,81,89,83,89,89,116,133,100,99,74,113,99,72,101,68,86,57,61,89,85,155,232,224,233,238,269,298,334,324,279,365,0,0
Dengue,2020,GTM,GUATEMALA,52,2,2,15,24,26,30,40,39,47,53,68,52,62,57,70,66,46,64,68,62,76,59,81,89,83,89,89,116,133,100,99,74,113,99,72,101,68,86,57,61,89,85,155,232,224,233,238,269,298,334,324,279,365,0
Dengue,2020,GTM,GUATEMALA,53,0,0,2,15,24,26,30,40,39,47,53,68,52,62,57,70,66,46,64,68,62,76,59,81,89,83,89,89,116,133,100,99,74,113,99,72,101,68,86,57,61,89,85,155,232,224,233,238,269,298,334,324,279,365
Dengue,2021,GTM,GUATEMALA,1,30,30,0,2,15,24,26,30,40,39,47,53,68,52,62,57,70,66,46,64,68,62,76,59,81,89,83,89,89,116,133,100,99,74,113,99,72,101,68,86,57,61,89,85,155,232,224,233,238,269,298,334,324,279
Dengue,2021,GTM,GUATEMALA,2,28,28,30,0,2,15,24,26,30,40,39,47,53,68,52,62,57,70,66,46,64,68,62,76,59,81,89,83,89,89,116,133,100,99,74,113,99,72,101,68,86,57,61,89,85,155,232,224,233,238,269,298,334,324
Dengue,2021,GTM,GUATEMALA,3,53,53,28,30,0,2,15,24,26,30,40,39,47,53,68,52,62,57,70,66,46,64,68,62,76,59,81,89,83,89,89,116,133,100,99,74,113,99,72,101,68,86,57,61,89,85,155,232,224,233,238,269,298,334
Dengue,2021,GTM,GUATEMALA,4,43,43,53,28,30,0,2,15,24,26,30,40,39,47,53,68,52,62,57,70,66,46,64,68,62,76,59,81,89,83,89,89,116,133,100,99,74,113,99,72,101,68,86,57,61,89,85,155,232,224,233,238,269,298
Dengue,2021,GTM,GUATEMALA,5,38,38,43,53,28,30,0,2,15,24,26,30,40,39,47,53,68,52,62,57,70,66,46,64,68,62,76,59,81,89,83,89,89,116,133,100,99,74,113,99,72,101,68,86,57,61,89,85,155,232,224,233,238,269
Dengue,2021,GTM,GUATEMALA,6,34,34,38,43,53,28,30,0,2,15,24,26,30,40,39,47,53,68,52,62,57,70,66,46,64,68,62,76,59,81,89,83,89,89,116,133,100,99,74,113,99,72,101,68,86,57,61,89,85,155,232,224,233,238
Dengue,2021,GTM,GUATEMALA,7,49,49,34,38,43,53,28,30,0,2,15,24,26,30,40,39,47,53,68,52,62,57,70,66,46,64,68,62,76,59,81,89,83,89,89,116,133,100,99,74,113,99,72,101,68,86,57,61,89,85,155,232,224,233
Dengue,2021,GTM,GUATEMALA,8,30,30,49,34,38,43,53,28,30,0,2,15,24,26,30,40,39,47,53,68,52,62,57,70,66,46,64,68,62,76,59,81,89,83,89,89,116,133,100,99,74,113,99,72,101,68,86,57,61,89,85,155,232,224
Dengue,2021,GTM,GUATEMALA,9,41,41,30,49,34,38,43,53,28,30,0,2,15,24,26,30,40,39,47,53,68,52,62,57,70,66,46,64,68,62,76,59,81,89,83,89,89,116,133,100,99,74,113,99,72,101,68,86,57,61,89,85,155,232
Dengue,2021,GTM,GUATEMALA,10,37,37,41,30,49,34,38,43,53,28,30,0,2,15,24,26,30,40,39,47,53,68,52,62,57,70,66,46,64,68,62,76,59,81,89,83,89,89,116,133,100,99,74,113,99,72,101,68,86,57,61,89,85,155
Dengue,2021,GTM,GUATEMALA,11,28,28,37,41,30,49,34,38,43,53,28,30,0,2,15,24,26,30,40,39,47,53,68,52,62,57,70,66,46,64,68,62,76,59,81,89,83,89,89,116,133,100,99,74,113,99,72,101,68,86,57,61,89,85
Dengue,2021,GTM,GUATEMALA,12,19,19,28,37,41,30,49,34,38,43,53,28,30,0,2,15,24,26,30,40,39,47,53,68,52,62,57,70,66,46,64,68,62,76,59,81,89,83,89,89,116,133,100,99,74,113,99,72,101,68,86,57,61,89
Dengue,2021,GTM,GUATEMALA,13,33,33,19,28,37,41,30,49,34,38,43,53,28,30,0,2,15,24,26,30,40,39,47,53,68,52,62,57,70,66,46,64,68,62,76,59,81,89,83,89,89,116,133,100,99,74,113,99,72,101,68,86,57,61
Dengue,2021,GTM,GUATEMALA,14,53,53,33,19,28,37,41,30,49,34,38,43,53,28,30,0,2,15,24,26,30,40,39,47,53,68,52,62,57,70,66,46,64,68,62,76,59,81,89,83,89,89,116,133,100,99,74,113,99,72,101,68,86,57
Dengue,2021,GTM,GUATEMALA,15,52,52,53,33,19,28,37,41,30,49,34,38,43,53,28,30,0,2,15,24,26,30,40,39,47,53,68,52,62,57,70,66,46,64,68,62,76,59,81,89,83,89,89,116,133,100,99,74,113,99,72,101,68,86
Dengue,2021,GTM,GUATEMALA,16,52,52,52,53,33,19,28,37,41,30,49,34,38,43,53,28,30,0,2,15,24,26,30,40,39,47,53,68,52,62,57,70,66,46,64,68,62,76,59,81,89,83,89,89,116,133,100,99,74,113,99,72,101,68
Dengue,2021,GTM,GUATEMALA,17,41,41,52,52,53,33,19,28,37,41,30,49,34,38,43,53,28,30,0,2,15,24,26,30,40,39,47,53,68,52,62,57,70,66,46,64,68,62,76,59,81,89,83,89,89,116,133,100,99,74,113,99,72,101
Dengue,2021,GTM,GUATEMALA,18,48,48,41,52,52,53,33,19,28,37,41,30,49,34,38,43,53,28,30,0,2,15,24,26,30,40,39,47,53,68,52,62,57,70,66,46,64,68,62,76,59,81,89,83,89,89,116,133,100,99,74,113,99,72
Dengue,2021,GTM,GUATEMALA,19,48,48,48,41,52,52,53,33,19,28,37,41,30,49,34,38,43,53,28,30,0,2,15,24,26,30,40,39,47,53,68,52,62,57,70,66,46,64,68,62,76,59,81,89,83,89,89,116,133,100,99,74,113,99
Dengue,2021,GTM,GUATEMALA,20,49,49,48,48,41,52,52,53,33,19,28,37,41,30,49,34,38,43,53,28,30,0,2,15,24,26,30,40,39,47,53,68,52,62,57,70,66,46,64,68,62,76,59,81,89,83,89,89,116,133,100,99,74,113
Dengue,2021,GTM,GUATEMALA,21,64,64,49,48,48,41,52,52,53,33,19,28,37,41,30,49,34,38,43,53,28,30,0,2,15,24,26,30,40,39,47,53,68,52,62,57,70,66,46,64,68,62,76,59,81,89,83,89,89,116,133,100,99,74
Dengue,2021,GTM,GUATEMALA,22,66,66,64,49,48,48,41,52,52,53,33,19,28,37,41,30,49,34,38,43,53,28,30,0,2,15,24,26,30,40,39,47,53,68,52,62,57,70,66,46,64,68,62,76,59,81,89,83,89,89,116,133,100,99
Dengue,2021,GTM,GUATEMALA,23,66,66,66,64,49,48,48,41,52,52,53,33,19,28,37,41,30,49,34,38,43,53,28,30,0,2,15,24,26,30,40,39,47,53,68,52,62,57,70,66,46,64,68,62,76,59,81,89,83,89,89,116,133,100
Dengue,2021,GTM,GUATEMALA,24,79,79,66,66,64,49,48,48,41,52,52,53,33,19,28,37,41,30,49,34,38,43,53,28,30,0,2,15,24,26,30,40,39,47,53,68,52,62,57,70,66,46,64,68,62,76,59,81,89,83,89,89,116,133
Dengue,2021,GTM,GUATEMALA,25,46,46,79,66,66,64,49,48,48,41,52,52,53,33,19,28,37,41,30,49,34,38,43,53,28,30,0,2,15,24,26,30,40,39,47,53,68,52,62,57,70,66,46,64,68,62,76,59,81,89,83,89,89,116
Dengue,2021,GTM,GUATEMALA,26,57,57,46,79,66,66,64,49,48,48,41,52,52,53,33,19,28,37,41,30,49,34,38,43,53,28,30,0,2,15,24,26,30,40,39,47,53,68,52,62,57,70,66,46,64,68,62,76,59,81,89,83,89,89
Dengue,2021,GTM,GUATEMALA,27,84,84,57,46,79,66,66,64,49,48,48,41,52,52,53,33,19,28,37,41,30,49,34,38,43,53,28,30,0,2,15,24,26,30,40,39,47,53,68,52,62,57,70,66,46,64,68,62,76,59,81,89,83,89
Dengue,2021,GTM,GUATEMALA,28,74,74,84,57,46,79,66,66,64,49,48,48,41,52,52,53,33,19,28,37,41,30,49,34,38,43,53,28,30,0,2,15,24,26,30,40,39,47,53,68,52,62,57,70,66,46,64,68,62,76,59,81,89,83
Dengue,2021,GTM,GUATEMALA,29,85,85,74,84,57,46,79,66,66,64,49,48,48,41,52,52,53,33,19,28,37,41,30,49,34,38,43,53,28,30,0,2,15,24,26,30,40,39,47,53,68,52,62,57,70,66,46,64,68,62,76,59,81,89
Dengue,2021,GTM,GUATEMALA,30,100,100,85,74,84,57,46,79,66,66,64,49,48,48,41,52,52,53,33,19,28,37,41,30,49,34,38,43,53,28,30,0,2,15,24,26,30,40,39,47,53,68,52,62,57,70,66,46,64,68,62,76,59,81
Dengue,2021,GTM,GUATEMALA,31,105,105,100,85,74,84,57,46,79,66,66,64,49,48,48,41,52,52,53,33,19,28,37,41,30,49,34,38,43,53,28,30,0,2,15,24,26,30,40,39,47,53,68,52,62,57,70,66,46,64,68,62,76,59
Dengue,2021,GTM,GUATEMALA,32,56,56,105,100,85,74,84,57,46,79,66,66,64,49,48,48,41,52,52,53,33,19,28,37,41,30,49,34,38,43,53,28,30,0,2,15,24,26,30,40,39,47,53,68,52,62,57,70,66,46,64,68,62,76
Dengue,2021,GTM,GUATEMALA,33,87,87,56,105,100,85,74,84,57,46,79,66,66,64,49,48,48,41,52,52,53,33,19,28,37,41,30,49,34,38,43,53,28,30,0,2,15,24,26,30,40,39,47,53,68,52,62,57,70,66,46,64,68,62
Dengue,2021,GTM,GUATEMALA,34,63,63,87,56,105,100,85,74,84,57,46,79,66,66,64,49,48,48,41,52,52,53,33,19,28,37,41,30,49,34,38,43,53,28,30,0,2,15,24,26,30,40,39,47,53,68,52,62,57,70,66,46,64,68
Dengue,2021,GTM,GUATEMALA,35,45,45,63,87,56,105,100,85,74,84,57,46,79,66,66,64,49,48,48,41,52,52,53,33,19,28,37,41,30,49,34,38,43,53,28,30,0,2,15,24,26,30,40,39,47,53,68,52,62,57,70,66,46,64
Dengue,2021,GTM,GUATEMALA,36,38,38,45,63,87,56,105,100,85,74,84,57,46,79,66,66,64,49,48,48,41,52,52,53,33,19,28,37,41,30,49,34,38,43,53,28,30,0,2,15,24,26,30,40,39,47,53,68,52,62,57,70,66,46
Dengue,2021,GTM,GUATEMALA,37,51,51,38,45,63,87,56,105,100,85,74,84,57,46,79,66,66,64,49,48,48,41,52,52,53,33,19,28,37,41,30,49,34,38,43,53,28,30,0,2,15,24,26,30,40,39,47,53,68,52,62,57,70,66
Dengue,2021,GTM,GUATEMALA,38,66,66,51,38,45,63,87,56,105,100,85,74,84,57,46,79,66,66,64,49,48,48,41,52,52,53,33,19,28,37,41,30,49,34,38,43,53,28,30,0,2,15,24,26,30,40,39,47,53,68,52,62,57,70
Dengue,2021,GTM,GUATEMALA,39,71,71,66,51,38,45,63,87,56,105,100,85,74,84,57,46,79,66,66,64,49,48,48,41,52,52,53,33,19,28,37,41,30,49,34,38,43,53,28,30,0,2,15,24,26,30,40,39,47,53,68,52,62,57
Dengue,2021,GTM,GUATEMALA,40,87,87,71,66,51,38,45,63,87,56,105,100,85,74,84,57,46,79,66,66,64,49,48,48,41,52,52,53,33,19,28,37,41,30,49,34,38,43,53,28,30,0,2,15,24,26,30,40,39,47,53,68,52,62
Dengue,2021,GTM,GUATEMALA,41,65,65,87,71,66,51,38,45,63,87,56,105,100,85,74,84,57,46,79,66,66,64,49,48,48,41,52,52,53,33,19,28,37,41,30,49,34,38,43,53,28,30,0,2,15,24,26,30,40,39,47,53,68,52
Dengue,2021,GTM,GUATEMALA,42,69,69,65,87,71,66,51,38,45,63,87,56,105,100,85,74,84,57,46,79,66,66,64,49,48,48,41,52,52,53,33,19,28,37,41,30,49,34,38,43,53,28,30,0,2,15,24,26,30,40,39,47,53,68
Dengue,2021,GTM,GUATEMALA,43,58,58,69,65,87,71,66,51,38,45,63,87,56,105,100,85,74,84,57,46,79,66,66,64,49,48,48,41,52,52,53,33,19,28,37,41,30,49,34,38,43,53,28,30,0,2,15,24,26,30,40,39,47,53
Dengue,2021,GTM,GUATEMALA,44,72,72,58,69,65,87,71,66,51,38,45,63,87,56,105,100,85,74,84,57,46,79,66,66,64,49,48,48,41,52,52,53,33,19,28,37,41,30,49,34,38,43,53,28,30,0,2,15,24,26,30,40,39,47
Dengue,2021,GTM,GUATEMALA,45,60,60,72,58,69,65,87,71,66,51,38,45,63,87,56,105,100,85,74,84,57,46,79,66,66,64,49,48,48,41,52,52,53,33,19,28,37,41,30,49,34,38,43,53,28,30,0,2,15,24,26,30,40,39
Dengue,2021,GTM,GUATEMALA,46,69,69,60,72,58,69,65,87,71,66,51,38,45,63,87,56,105,100,85,74,84,57,46,79,66,66,64,49,48,48,41,52,52,53,33,19,28,37,41,30,49,34,38,43,53,28,30,0,2,15,24,26,30,40
Dengue,2021,GTM,GUATEMALA,47,48,48,69,60,72,58,69,65,87,71,66,51,38,45,63,87,56,105,100,85,74,84,57,46,79,66,66,64,49,48,48,41,52,52,53,33,19,28,37,41,30,49,34,38,43,53,28,30,0,2,15,24,26,30
Dengue,2021,GTM,GUATEMALA,48,49,49,48,69,60,72,58,69,65,87,71,66,51,38,45,63,87,56,105,100,85,74,84,57,46,79,66,66,64,49,48,48,41,52,52,53,33,19,28,37,41,30,49,34,38,43,53,28,30,0,2,15,24,26
Dengue,2021,GTM,GUATEMALA,49,60,60,49,48,69,60,72,58,69,65,87,71,66,51,38,45,63,87,56,105,100,85,74,84,57,46,79,66,66,64,49,48,48,41,52,52,53,33,19,28,37,41,30,49,34,38,43,53,28,30,0,2,15,24
Dengue,2021,GTM,GUATEMALA,50,43,43,60,49,48,69,60,72,58,69,65,87,71,66,51,38,45,63,87,56,105,100,85,74,84,57,46,79,66,66,64,49,48,48,41,52,52,53,33,19,28,37,41,30,49,34,38,43,53,28,30,0,2,15
Dengue,2021,GTM,GUATEMALA,51,42,42,43,60,49,48,69,60,72,58,69,65,87,71,66,51,38,45,63,87,56,105,100,85,74,84,57,46,79,66,66,64,49,48,48,41,52,52,53,33,19,28,37,41,30,49,34,38,43,53,28,30,0,2
Dengue,2021,GTM,GUATEMALA,52,0,0,42,43,60,49,48,69,60,72,58,69,65,87,71,66,51,38,45,63,87,56,105,100,85,74,84,57,46,79,66,66,64,49,48,48,41,52,52,53,33,19,28,37,41,30,49,34,38,43,53,28,30,0
Dengue,2022,GTM,GUATEMALA,1,69,69,0,42,43,60,49,48,69,60,72,58,69,65,87,71,66,51,38,45,63,87,56,105,100,85,74,84,57,46,79,66,66,64,49,48,48,41,52,52,53,33,19,28,37,41,30,49,34,38,43,53,28,30
Dengue,2022,GTM,GUATEMALA,2,45,45,69,0,42,43,60,49,48,69,60,72,58,69,65,87,71,66,51,38,45,63,87,56,105,100,85,74,84,57,46,79,66,66,64,49,48,48,41,52,52,53,33,19,28,37,41,30,49,34,38,43,53,28
Dengue,2022,GTM,GUATEMALA,3,63,63,45,69,0,42,43,60,49,48,69,60,72,58,69,65,87,71,66,51,38,45,63,87,56,105,100,85,74,84,57,46,79,66,66,64,49,48,48,41,52,52,53,33,19,28,37,41,30,49,34,38,43,53
Dengue,2022,GTM,GUATEMALA,4,48,48,63,45,69,0,42,43,60,49,48,69,60,72,58,69,65,87,71,66,51,38,45,63,87,56,105,100,85,74,84,57,46,79,66,66,64,49,48,48,41,52,52,53,33,19,28,37,41,30,49,34,38,43
Dengue,2022,GTM,GUATEMALA,5,55,55,48,63,45,69,0,42,43,60,49,48,69,60,72,58,69,65,87,71,66,51,38,45,63,87,56,105,100,85,74,84,57,46,79,66,66,64,49,48,48,41,52,52,53,33,19,28,37,41,30,49,34,38
Dengue,2022,GTM,GUATEMALA,6,49,49,55,48,63,45,69,0,42,43,60,49,48,69,60,72,58,69,65,87,71,66,51,38,45,63,87,56,105,100,85,74,84,57,46,79,66,66,64,49,48,48,41,52,52,53,33,19,28,37,41,30,49,34
Dengue,2022,GTM,GUATEMALA,7,57,57,49,55,48,63,45,69,0,42,43,60,49,48,69,60,72,58,69,65,87,71,66,51,38,45,63,87,56,105,100,85,74,84,57,46,79,66,66,64,49,48,48,41,52,52,53,33,19,28,37,41,30,49
Dengue,2022,GTM,GUATEMALA,8,68,68,57,49,55,48,63,45,69,0,42,43,60,49,48,69,60,72,58,69,65,87,71,66,51,38,45,63,87,56,105,100,85,74,84,57,46,79,66,66,64,49,48,48,41,52,52,53,33,19,28,37,41,30
Dengue,2022,GTM,GUATEMALA,9,61,61,68,57,49,55,48,63,45,69,0,42,43,60,49,48,69,60,72,58,69,65,87,71,66,51,38,45,63,87,56,105,100,85,74,84,57,46,79,66,66,64,49,48,48,41,52,52,53,33,19,28,37,41
Dengue,2022,GTM,GUATEMALA,10,72,72,61,68,57,49,55,48,63,45,69,0,42,43,60,49,48,69,60,72,58,69,65,87,71,66,51,38,45,63,87,56,105,100,85,74,84,57,46,79,66,66,64,49,48,48,41,52,52,53,33,19,28,37
Dengue,2022,GTM,GUATEMALA,11,91,91,72,61,68,57,49,55,48,63,45,69,0,42,43,60,49,48,69,60,72,58,69,65,87,71,66,51,38,45,63,87,56,105,100,85,74,84,57,46,79,66,66,64,49,48,48,41,52,52,53,33,19,28
Dengue,2022,GTM,GUATEMALA,12,78,78,91,72,61,68,57,49,55,48,63,45,69,0,42,43,60,49,48,69,60,72,58,69,65,87,71,66,51,38,45,63,87,56,105,100,85,74,84,57,46,79,66,66,64,49,48,48,41,52,52,53,33,19
Dengue,2022,GTM,GUATEMALA,13,71,71,78,91,72,61,68,57,49,55,48,63,45,69,0,42,43,60,49,48,69,60,72,58,69,65,87,71,66,51,38,45,63,87,56,105,100,85,74,84,57,46,79,66,66,64,49,48,48,41,52,52,53,33
Dengue,2022,GTM,GUATEMALA,14,39,39,71,78,91,72,61,68,57,49,55,48,63,45,69,0,42,43,60,49,48,69,60,72,58,69,65,87,71,66,51,38,45,63,87,56,105,100,85,74,84,57,46,79,66,66,64,49,48,48,41,52,52,53
Dengue,2022,GTM,GUATEMALA,15,77,77,39,71,78,91,72,61,68,57,49,55,48,63,45,69,0,42,43,60,49,48,69,60,72,58,69,65,87,71,66,51,38,45,63,87,56,105,100,85,74,84,57,46,79,66,66,64,49,48,48,41,52,52
Dengue,2022,GTM,GUATEMALA,16,83,83,77,39,71,78,91,72,61,68,57,49,55,48,63,45,69,0,42,43,60,49,48,69,60,72,58,69,65,87,71,66,51,38,45,63,87,56,105,100,85,74,84,57,46,79,66,66,64,49,48,48,41,52
Dengue,2022,GTM,GUATEMALA,17,82,82,83,77,39,71,78,91,72,61,68,57,49,55,48,63,45,69,0,42,43,60,49,48,69,60,72,58,69,65,87,71,66,51,38,45,63,87,56,105,100,85,74,84,57,46,79,66,66,64,49,48,48,41
Dengue,2022,GTM,GUATEMALA,18,127,127,82,83,77,39,71,78,91,72,61,68,57,49,55,48,63,45,69,0,42,43,60,49,48,69,60,72,58,69,65,87,71,66,51,38,45,63,87,56,105,100,85,74,84,57,46,79,66,66,64,49,48,48
Dengue,2022,GTM,GUATEMALA,19,249,249,127,82,83,77,39,71,78,91,72,61,68,57,49,55,48,63,45,69,0,42,43,60,49,48,69,60,72,58,69,65,87,71,66,51,38,45,63,87,56,105,100,85,74,84,57,46,79,66,66,64,49,48
Dengue,2022,GTM,GUATEMALA,20,194,194,249,127,82,83,77,39,71,78,91,72,61,68,57,49,55,48,63,45,69,0,42,43,60,49,48,69,60,72,58,69,65,87,71,66,51,38,45,63,87,56,105,100,85,74,84,57,46,79,66,66,64,49
Dengue,2022,GTM,GUATEMALA,21,235,235,194,249,127,82,83,77,39,71,78,91,72,61,68,57,49,55,48,63,45,69,0,42,43,60,49,48,69,60,72,58,69,65,87,71,66,51,38,45,63,87,56,105,100,85,74,84,57,46,79,66,66,64
Dengue,2022,GTM,GUATEMALA,22,261,261,235,194,249,127,82,83,77,39,71,78,91,72,61,68,57,49,55,48,63,45,69,0,42,43,60,49,48,69,60,72,58,69,65,87,71,66,51,38,45,63,87,56,105,100,85,74,84,57,46,79,66,66
Dengue,2022,GTM,GUATEMALA,23,274,274,261,235,194,249,127,82,83,77,39,71,78,91,72,61,68,57,49,55,48,63,45,69,0,42,43,60,49,48,69,60,72,58,69,65,87,71,66,51,38,45,63,87,56,105,100,85,74,84,57,46,79,66
Dengue,2022,GTM,GUATEMALA,24,288,288,274,261,235,194,249,127,82,83,77,39,71,78,91,72,61,68,57,49,55,48,63,45,69,0,42,43,60,49,48,69,60,72,58,69,65,87,71,66,51,38,45,63,87,56,105,100,85,74,84,57,46,79
Dengue,2022,GTM,GUATEMALA,25,275,275,288,274,261,235,194,249,127,82,83,77,39,71,78,91,72,61,68,57,49,55,48,63,45,69,0,42,43,60,49,48,69,60,72,58,69,65,87,71,66,51,38,45,63,87,56,105,100,85,74,84,57,46
Dengue,2022,GTM,GUATEMALA,26,228,228,275,288,274,261,235,194,249,127,82,83,77,39,71,78,91,72,61,68,57,49,55,48,63,45,69,0,42,43,60,49,48,69,60,72,58,69,65,87,71,66,51,38,45,63,87,56,105,100,85,74,84,57
Dengue,2022,GTM,GUATEMALA,27,289,289,228,275,288,274,261,235,194,249,127,82,83,77,39,71,78,91,72,61,68,57,49,55,48,63,45,69,0,42,43,60,49,48,69,60,72,58,69,65,87,71,66,51,38,45,63,87,56,105,100,85,74,84
Dengue,2022,GTM,GUATEMALA,28,248,248,289,228,275,288,274,261,235,194,249,127,82,83,77,39,71,78,91,72,61,68,57,49,55,48,63,45,69,0,42,43,60,49,48,69,60,72,58,69,65,87,71,66,51,38,45,63,87,56,105,100,85,74
Dengue,2022,GTM,GUATEMALA,29,270,270,248,289,228,275,288,274,261,235,194,249,127,82,83,77,39,71,78,91,72,61,68,57,49,55,48,63,45,69,0,42,43,60,49,48,69,60,72,58,69,65,87,71,66,51,38,45,63,87,56,105,100,85
Dengue,2022,GTM,GUATEMALA,30,267,267,270,248,289,228,275,288,274,261,235,194,249,127,82,83,77,39,71,78,91,72,61,68,57,49,55,48,63,45,69,0,42,43,60,49,48,69,60,72,58,69,65,87,71,66,51,38,45,63,87,56,105,100
Dengue,2022,GTM,GUATEMALA,31,229,229,267,270,248,289,228,275,288,274,261,235,194,249,127,82,83,77,39,71,78,91,72,61,68,57,49,55,48,63,45,69,0,42,43,60,49,48,69,60,72,58,69,65,87,71,66,51,38,45,63,87,56,105
Dengue,2022,GTM,GUATEMALA,32,218,218,229,267,270,248,289,228,275,288,274,261,235,194,249,127,82,83,77,39,71,78,91,72,61,68,57,49,55,48,63,45,69,0,42,43,60,49,48,69,60,72,58,69,65,87,71,66,51,38,45,63,87,56
Dengue,2022,GTM,GUATEMALA,33,273,273,218,229,267,270,248,289,228,275,288,274,261,235,194,249,127,82,83,77,39,71,78,91,72,61,68,57,49,55,48,63,45,69,0,42,43,60,49,48,69,60,72,58,69,65,87,71,66,51,38,45,63,87
Dengue,2022,GTM,GUATEMALA,34,210,210,273,218,229,267,270,248,289,228,275,288,274,261,235,194,249,127,82,83,77,39,71,78,91,72,61,68,57,49,55,48,63,45,69,0,42,43,60,49,48,69,60,72,58,69,65,87,71,66,51,38,45,63
Dengue,2022,GTM,GUATEMALA,35,268,268,210,273,218,229,267,270,248,289,228,275,288,274,261,235,194,249,127,82,83,77,39,71,78,91,72,61,68,57,49,55,48,63,45,69,0,42,43,60,49,48,69,60,72,58,69,65,87,71,66,51,38,45
Dengue,2022,GTM,GUATEMALA,36,244,244,268,210,273,218,229,267,270,248,289,228,275,288,274,261,235,194,249,127,82,83,77,39,71,78,91,72,61,68,57,49,55,48,63,45,69,0,42,43,60,49,48,69,60,72,58,69,65,87,71,66,51,38
Dengue,2022,GTM,GUATEMALA,37,249,249,244,268,210,273,218,229,267,270,248,289,228,275,288,274,261,235,194,249,127,82,83,77,39,71,78,91,72,61,68,57,49,55,48,63,45,69,0,42,43,60,49,48,69,60,72,58,69,65,87,71,66,51
Dengue,2022,GTM,GUATEMALA,38,285,285,249,244,268,210,273,218,229,267,270,248,289,228,275,288,274,261,235,194,249,127,82,83,77,39,71,78,91,72,61,68,57,49,55,48,63,45,69,0,42,43,60,49,48,69,60,72,58,69,65,87,71,66
Dengue,2022,GTM,GUATEMALA,39,298,298,285,249,244,268,210,273,218,229,267,270,248,289,228,275,288,274,261,235,194,249,127,82,83,77,39,71,78,91,72,61,68,57,49,55,48,63,45,69,0,42,43,60,49,48,69,60,72,58,69,65,87,71
Dengue,2022,GTM,GUATEMALA,40,246,246,298,285,249,244,268,210,273,218,229,267,270,248,289,228,275,288,274,261,235,194,249,127,82,83,77,39,71,78,91,72,61,68,57,49,55,48,63,45,69,0,42,43,60,49,48,69,60,72,58,69,65,87
Dengue,2022,GTM,GUATEMALA,41,203,203,246,298,285,249,244,268,210,273,218,229,267,270,248,289,228,275,288,274,261,235,194,249,127,82,83,77,39,71,78,91,72,61,68,57,49,55,48,63,45,69,0,42,43,60,49,48,69,60,72,58,69,65
Dengue,2022,GTM,GUATEMALA,42,270,270,203,246,298,285,249,244,268,210,273,218,229,267,270,248,289,228,275,288,274,261,235,194,249,127,82,83,77,39,71,78,91,72,61,68,57,49,55,48,63,45,69,0,42,43,60,49,48,69,60,72,58,69
Dengue,2022,GTM,GUATEMALA,43,168,168,270,203,246,298,285,249,244,268,210,273,218,229,267,270,248,289,228,275,288,274,261,235,194,249,127,82,83,77,39,71,78,91,72,61,68,57,49,55,48,63,45,69,0,42,43,60,49,48,69,60,72,58
Dengue,2022,GTM,GUATEMALA,44,201,201,168,270,203,246,298,285,249,244,268,210,273,218,229,267,270,248,289,228,275,288,274,261,235,194,249,127,82,83,77,39,71,78,91,72,61,68,57,49,55,48,63,45,69,0,42,43,60,49,48,69,60,72
Dengue,2022,GTM,GUATEMALA,45,157,157,201,168,270,203,246,298,285,249,244,268,210,273,218,229,267,270,248,289,228,275,288,274,261,235,194,249,127,82,83,77,39,71,78,91,72,61,68,57,49,55,48,63,45,69,0,42,43,60,49,48,69,60
Dengue,2022,GTM,GUATEMALA,46,170,170,157,201,168,270,203,246,298,285,249,244,268,210,273,218,229,267,270,248,289,228,275,288,274,261,235,194,249,127,82,83,77,39,71,78,91,72,61,68,57,49,55,48,63,45,69,0,42,43,60,49,48,69
Dengue,2022,GTM,GUATEMALA,47,100,100,170,157,201,168,270,203,246,298,285,249,244,268,210,273,218,229,267,270,248,289,228,275,288,274,261,235,194,249,127,82,83,77,39,71,78,91,72,61,68,57,49,55,48,63,45,69,0,42,43,60,49,48
Dengue,2022,GTM,GUATEMALA,48,88,88,100,170,157,201,168,270,203,246,298,285,249,244,268,210,273,218,229,267,270,248,289,228,275,288,274,261,235,194,249,127,82,83,77,39,71,78,91,72,61,68,57,49,55,48,63,45,69,0,42,43,60,49
Dengue,2022,GTM,GUATEMALA,49,62,62,88,100,170,157,201,168,270,203,246,298,285,249,244,268,210,273,218,229,267,270,248,289,228,275,288,274,261,235,194,249,127,82,83,77,39,71,78,91,72,61,68,57,49,55,48,63,45,69,0,42,43,60
Dengue,2022,GTM,GUATEMALA,50,49,49,62,88,100,170,157,201,168,270,203,246,298,285,249,244,268,210,273,218,229,267,270,248,289,228,275,288,274,261,235,194,249,127,82,83,77,39,71,78,91,72,61,68,57,49,55,48,63,45,69,0,42,43
Dengue,2022,GTM,GUATEMALA,51,185,185,49,62,88,100,170,157,201,168,270,203,246,298,285,249,244,268,210,273,218,229,267,270,248,289,228,275,288,274,261,235,194,249,127,82,83,77,39,71,78,91,72,61,68,57,49,55,48,63,45,69,0,42
Dengue,2022,GTM,GUATEMALA,52,67,67,185,49,62,88,100,170,157,201,168,270,203,246,298,285,249,244,268,210,273,218,229,267,270,248,289,228,275,288,274,261,235,194,249,127,82,83,77,39,71,78,91,72,61,68,57,49,55,48,63,45,69,0
Dengue,2023,GTM,GUATEMALA,1,107,107,67,185,49,62,88,100,170,157,201,168,270,203,246,298,285,249,244,268,210,273,218,229,267,270,248,289,228,275,288,274,261,235,194,249,127,82,83,77,39,71,78,91,72,61,68,57,49,55,48,63,45,69
Dengue,2023,GTM,GUATEMALA,2,101,101,107,67,185,49,62,88,100,170,157,201,168,270,203,246,298,285,249,244,268,210,273,218,229,267,270,248,289,228,275,288,274,261,235,194,249,127,82,83,77,39,71,78,91,72,61,68,57,49,55,48,63,45
Dengue,2023,GTM,GUATEMALA,3,123,123,101,107,67,185,49,62,88,100,170,157,201,168,270,203,246,298,285,249,244,268,210,273,218,229,267,270,248,289,228,275,288,274,261,235,194,249,127,82,83,77,39,71,78,91,72,61,68,57,49,55,48,63
Dengue,2023,GTM,GUATEMALA,4,115,115,123,101,107,67,185,49,62,88,100,170,157,201,168,270,203,246,298,285,249,244,268,210,273,218,229,267,270,248,289,228,275,288,274,261,235,194,249,127,82,83,77,39,71,78,91,72,61,68,57,49,55,48
Dengue,2023,GTM,GUATEMALA,5,167,167,115,123,101,107,67,185,49,62,88,100,170,157,201,168,270,203,246,298,285,249,244,268,210,273,218,229,267,270,248,289,228,275,288,274,261,235,194,249,127,82,83,77,39,71,78,91,72,61,68,57,49,55
Dengue,2023,GTM,GUATEMALA,6,147,147,167,115,123,101,107,67,185,49,62,88,100,170,157,201,168,270,203,246,298,285,249,244,268,210,273,218,229,267,270,248,289,228,275,288,274,261,235,194,249,127,82,83,77,39,71,78,91,72,61,68,57,49
Dengue,2023,GTM,GUATEMALA,7,153,153,147,167,115,123,101,107,67,185,49,62,88,100,170,157,201,168,270,203,246,298,285,249,244,268,210,273,218,229,267,270,248,289,228,275,288,274,261,235,194,249,127,82,83,77,39,71,78,91,72,61,68,57
Dengue,2023,GTM,GUATEMALA,8,223,223,153,147,167,115,123,101,107,67,185,49,62,88,100,170,157,201,168,270,203,246,298,285,249,244,268,210,273,218,229,267,270,248,289,228,275,288,274,261,235,194,249,127,82,83,77,39,71,78,91,72,61,68
Dengue,2023,GTM,GUATEMALA,9,256,256,223,153,147,167,115,123,101,107,67,185,49,62,88,100,170,157,201,168,270,203,246,298,285,249,244,268,210,273,218,229,267,270,248,289,228,275,288,274,261,235,194,249,127,82,83,77,39,71,78,91,72,61
Dengue,2023,GTM,GUATEMALA,10,191,191,256,223,153,147,167,115,123,101,107,67,185,49,62,88,100,170,157,201,168,270,203,246,298,285,249,244,268,210,273,218,229,267,270,248,289,228,275,288,274,261,235,194,249,127,82,83,77,39,71,78,91,72
Dengue,2023,GTM,GUATEMALA,11,197,197,191,256,223,153,147,167,115,123,101,107,67,185,49,62,88,100,170,157,201,168,270,203,246,298,285,249,244,268,210,273,218,229,267,270,248,289,228,275,288,274,261,235,194,249,127,82,83,77,39,71,78,91
Dengue,2023,GTM,GUATEMALA,12,198,198,197,191,256,223,153,147,167,115,123,101,107,67,185,49,62,88,100,170,157,201,168,270,203,246,298,285,249,244,268,210,273,218,229,267,270,248,289,228,275,288,274,261,235,194,249,127,82,83,77,39,71,78
Dengue,2023,GTM,GUATEMALA,13,106,106,198,197,191,256,223,153,147,167,115,123,101,107,67,185,49,62,88,100,170,157,201,168,270,203,246,298,285,249,244,268,210,273,218,229,267,270,248,289,228,275,288,274,261,235,194,249,127,82,83,77,39,71
Dengue,2023,GTM,GUATEMALA,14,182,182,106,198,197,191,256,223,153,147,167,115,123,101,107,67,185,49,62,88,100,170,157,201,168,270,203,246,298,285,249,244,268,210,273,218,229,267,270,248,289,228,275,288,274,261,235,194,249,127,82,83,77,39
Dengue,2023,GTM,GUATEMALA,15,187,187,182,106,198,197,191,256,223,153,147,167,115,123,101,107,67,185,49,62,88,100,170,157,201,168,270,203,246,298,285,249,244,268,210,273,218,229,267,270,248,289,228,275,288,274,261,235,194,249,127,82,83,77
Dengue,2023,GTM,GUATEMALA,16,212,212,187,182,106,198,197,191,256,223,153,147,167,115,123,101,107,67,185,49,62,88,100,170,157,201,168,270,203,246,298,285,249,244,268,210,273,218,229,267,270,248,289,228,275,288,274,261,235,194,249,127,82,83
Dengue,2023,GTM,GUATEMALA,17,204,204,212,187,182,106,198,197,191,256,223,153,147,167,115,123,101,107,67,185,49,62,88,100,170,157,201,168,270,203,246,298,285,249,244,268,210,273,218,229,267,270,248,289,228,275,288,274,261,235,194,249,127,82
Dengue,2023,GTM,GUATEMALA,18,231,231,204,212,187,182,106,198,197,191,256,223,153,147,167,115,123,101,107,67,185,49,62,88,100,170,157,201,168,270,203,246,298,285,249,244,268,210,273,218,229,267,270,248,289,228,275,288,274,261,235,194,249,127
Dengue,2023,GTM,GUATEMALA,19,277,277,231,204,212,187,182,106,198,197,191,256,223,153,147,167,115,123,101,107,67,185,49,62,88,100,170,157,201,168,270,203,246,298,285,249,244,268,210,273,218,229,267,270,248,289,228,275,288,274,261,235,194,249
Dengue,2023,GTM,GUATEMALA,20,278,278,277,231,204,212,187,182,106,198,197,191,256,223,153,147,167,115,123,101,107,67,185,49,62,88,100,170,157,201,168,270,203,246,298,285,249,244,268,210,273,218,229,267,270,248,289,228,275,288,274,261,235,194
Dengue,2023,GTM,GUATEMALA,21,372,372,278,277,231,204,212,187,182,106,198,197,191,256,223,153,147,167,115,123,101,107,67,185,49,62,88,100,170,157,201,168,270,203,246,298,285,249,244,268,210,273,218,229,267,270,248,289,228,275,288,274,261,235
Dengue,2023,GTM,GUATEMALA,22,425,425,372,278,277,231,204,212,187,182,106,198,197,191,256,223,153,147,167,115,123,101,107,67,185,49,62,88,100,170,157,201,168,270,203,246,298,285,249,244,268,210,273,218,229,267,270,248,289,228,275,288,274,261
Dengue,2023,GTM,GUATEMALA,23,519,519,425,372,278,277,231,204,212,187,182,106,198,197,191,256,223,153,147,167,115,123,101,107,67,185,49,62,88,100,170,157,201,168,270,203,246,298,285,249,244,268,210,273,218,229,267,270,248,289,228,275,288,274
Dengue,2023,GTM,GUATEMALA,24,540,540,519,425,372,278,277,231,204,212,187,182,106,198,197,191,256,223,153,147,167,115,123,101,107,67,185,49,62,88,100,170,157,201,168,270,203,246,298,285,249,244,268,210,273,218,229,267,270,248,289,228,275,288
Dengue,2023,GTM,GUATEMALA,25,496,496,540,519,425,372,278,277,231,204,212,187,182,106,198,197,191,256,223,153,147,167,115,123,101,107,67,185,49,62,88,100,170,157,201,168,270,203,246,298,285,249,244,268,210,273,218,229,267,270,248,289,228,275
Dengue,2023,GTM,GUATEMALA,26,624,624,496,540,519,425,372,278,277,231,204,212,187,182,106,198,197,191,256,223,153,147,167,115,123,101,107,67,185,49,62,88,100,170,157,201,168,270,203,246,298,285,249,244,268,210,273,218,229,267,270,248,289,228
Dengue,2023,GTM,GUATEMALA,27,793,793,624,496,540,519,425,372,278,277,231,204,212,187,182,106,198,197,191,256,223,153,147,167,115,123,101,107,67,185,49,62,88,100,170,157,201,168,270,203,246,298,285,249,244,268,210,273,218,229,267,270,248,289
Dengue,2023,GTM,GUATEMALA,28,999,999,793,624,496,540,519,425,372,278,277,231,204,212,187,182,106,198,197,191,256,223,153,147,167,115,123,101,107,67,185,49,62,88,100,170,157,201,168,270,203,246,298,285,249,244,268,210,273,218,229,267,270,248
Dengue,2023,GTM,GUATEMALA,29,1131,1131,999,793,624,496,540,519,425,372,278,277,231,204,212,187,182,106,198,197,191,256,223,153,147,167,115,123,101,107,67,185,49,62,88,100,170,157,201,168,270,203,246,298,285,249,244,268,210,273,218,229,267,270
Dengue,2023,GTM,GUATEMALA,30,1434,1434,1131,999,793,624,496,540,519,425,372,278,277,231,204,212,187,182,106,198,197,191,256,223,153,147,167,115,123,101,107,67,185,49,62,88,100,170,157,201,168,270,203,246,298,285,249,244,268,210,273,218,229,267
Dengue,2023,GTM,GUATEMALA,31,1685,1685,1434,1131,999,793,624,496,540,519,425,372,278,277,231,204,212,187,182,106,198,197,191,256,223,153,147,167,115,123,101,107,67,185,49,62,88,100,170,157,201,168,270,203,246,298,285,249,244,268,210,273,218,229
Dengue,2023,GTM,GUATEMALA,32,1952,1952,1685,1434,1131,999,793,624,496,540,519,425,372,278,277,231,204,212,187,182,106,198,197,191,256,223,153,147,167,115,123,101,107,67,185,49,62,88,100,170,157,201,168,270,203,246,298,285,249,244,268,210,273,218
Dengue,2023,GTM,GUATEMALA,33,2092,2092,1952,1685,1434,1131,999,793,624,496,540,519,425,372,278,277,231,204,212,187,182,106,198,197,191,256,223,153,147,167,115,123,101,107,67,185,49,62,88,100,170,157,201,168,270,203,246,298,285,249,244,268,210,273
Dengue,2023,GTM,GUATEMALA,34,2883,2883,2092,1952,1685,1434,1131,999,793,624,496,540,519,425,372,278,277,231,204,212,187,182,106,198,197,191,256,223,153,147,167,115,123,101,107,67,185,49,62,88,100,170,157,201,168,270,203,246,298,285,249,244,268,210
Dengue,2023,GTM,GUATEMALA,35,3993,3993,2883,2092,1952,1685,1434,1131,999,793,624,496,540,519,425,372,278,277,231,204,212,187,182,106,198,197,191,256,223,153,147,167,115,123,101,107,67,185,49,62,88,100,170,157,201,168,270,203,246,298,285,249,244,268
Dengue,2023,GTM,GUATEMALA,36,3622,3622,3993,2883,2092,1952,1685,1434,1131,999,793,624,496,540,519,425,372,278,277,231,204,212,187,182,106,198,197,191,256,223,153,147,167,115,123,101,107,67,185,49,62,88,100,170,157,201,168,270,203,246,298,285,249,244
Dengue,2023,GTM,GUATEMALA,37,4766,4766,3622,3993,2883,2092,1952,1685,1434,1131,999,793,624,496,540,519,425,372,278,277,231,204,212,187,182,106,198,197,191,256,223,153,147,167,115,123,101,107,67,185,49,62,88,100,170,157,201,168,270,203,246,298,285,249
Dengue,2023,GTM,GUATEMALA,38,4230,4230,4766,3622,3993,2883,2092,1952,1685,1434,1131,999,793,624,496,540,519,425,372,278,277,231,204,212,187,182,106,198,197,191,256,223,153,147,167,115,123,101,107,67,185,49,62,88,100,170,157,201,168,270,203,246,298,285
Dengue,2023,GTM,GUATEMALA,39,4372,4372,4230,4766,3622,3993,2883,2092,1952,1685,1434,1131,999,793,624,496,540,519,425,372,278,277,231,204,212,187,182,106,198,197,191,256,223,153,147,167,115,123,101,107,67,185,49,62,88,100,170,157,201,168,270,203,246,298
Dengue,2023,GTM,GUATEMALA,40,3989,3989,4372,4230,4766,3622,3993,2883,2092,1952,1685,1434,1131,999,793,624,496,540,519,425,372,278,277,231,204,212,187,182,106,198,197,191,256,223,153,147,167,115,123,101,107,67,185,49,62,88,100,170,157,201,168,270,203,246
Dengue,2023,GTM,GUATEMALA,41,3916,3916,3989,4372,4230,4766,3622,3993,2883,2092,1952,1685,1434,1131,999,793,624,496,540,519,425,372,278,277,231,204,212,187,182,106,198,197,191,256,223,153,147,167,115,123,101,107,67,185,49,62,88,100,170,157,201,168,270,203
Dengue,2023,GTM,GUATEMALA,42,3952,3952,3916,3989,4372,4230,4766,3622,3993,2883,2092,1952,1685,1434,1131,999,793,624,496,540,519,425,372,278,277,231,204,212,187,182,106,198,197,191,256,223,153,147,167,115,123,101,107,67,185,49,62,88,100,170,157,201,168,270
Dengue,2023,GTM,GUATEMALA,43,3059,3059,3952,3916,3989,4372,4230,4766,3622,3993,2883,2092,1952,1685,1434,1131,999,793,624,496,540,519,425,372,278,277,231,204,212,187,182,106,198,197,191,256,223,153,147,167,115,123,101,107,67,185,49,62,88,100,170,157,201,168
Dengue,2023,GTM,GUATEMALA,44,2977,2977,3059,3952,3916,3989,4372,4230,4766,3622,3993,2883,2092,1952,1685,1434,1131,999,793,624,496,540,519,425,372,278,277,231,204,212,187,182,106,198,197,191,256,223,153,147,167,115,123,101,107,67,185,49,62,88,100,170,157,201
Dengue,2023,GTM,GUATEMALA,45,2995,2995,2977,3059,3952,3916,3989,4372,4230,4766,3622,3993,2883,2092,1952,1685,1434,1131,999,793,624,496,540,519,425,372,278,277,231,204,212,187,182,106,198,197,191,256,223,153,147,167,115,123,101,107,67,185,49,62,88,100,170,157
Dengue,2023,GTM,GUATEMALA,46,3045,3045,2995,2977,3059,3952,3916,3989,4372,4230,4766,3622,3993,2883,2092,1952,1685,1434,1131,999,793,624,496,540,519,425,372,278,277,231,204,212,187,182,106,198,197,191,256,223,153,147,167,115,123,101,107,67,185,49,62,88,100,170
Dengue,2023,GTM,GUATEMALA,47,2328,2328,3045,2995,2977,3059,3952,3916,3989,4372,4230,4766,3622,3993,2883,2092,1952,1685,1434,1131,999,793,624,496,540,519,425,372,278,277,231,204,212,187,182,106,198,197,191,256,223,153,147,167,115,123,101,107,67,185,49,62,88,100
Dengue,2023,GTM,GUATEMALA,48,2021,2021,2328,3045,2995,2977,3059,3952,3916,3989,4372,4230,4766,3622,3993,2883,2092,1952,1685,1434,1131,999,793,624,496,540,519,425,372,278,277,231,204,212,187,182,106,198,197,191,256,223,153,147,167,115,123,101,107,67,185,49,62,88
Dengue,2023,GTM,GUATEMALA,49,1830,1830,2021,2328,3045,2995,2977,3059,3952,3916,3989,4372,4230,4766,3622,3993,2883,2092,1952,1685,1434,1131,999,793,624,496,540,519,425,372,278,277,231,204,212,187,182,106,198,197,191,256,223,153,147,167,115,123,101,107,67,185,49,62
Dengue,2023,GTM,GUATEMALA,50,1165,1165,1830,2021,2328,3045,2995,2977,3059,3952,3916,3989,4372,4230,4766,3622,3993,2883,2092,1952,1685,1434,1131,999,793,624,496,540,519,425,372,278,277,231,204,212,187,182,106,198,197,191,256,223,153,147,167,115,123,101,107,67,185,49
Dengue,2023,GTM,GUATEMALA,51,415,415,1165,1830,2021,2328,3045,2995,2977,3059,3952,3916,3989,4372,4230,4766,3622,3993,2883,2092,1952,1685,1434,1131,999,793,624,496,540,519,425,372,278,277,231,204,212,187,182,106,198,197,191,256,223,153,147,167,115,123,101,107,67,185
Dengue,2023,GTM,GUATEMALA,52,1700,1700,415,1165,1830,2021,2328,3045,2995,2977,3059,3952,3916,3989,4372,4230,4766,3622,3993,2883,2092,1952,1685,1434,1131,999,793,624,496,540,519,425,372,278,277,231,204,212,187,182,106,198,197,191,256,223,153,147,167,115,123,101,107,67
Dengue,2024,GTM,GUATEMALA,1,1745,1745,1700,415,1165,1830,2021,2328,3045,2995,2977,3059,3952,3916,3989,4372,4230,4766,3622,3993,2883,2092,1952,1685,1434,1131,999,793,624,496,540,519,425,372,278,277,231,204,212,187,182,106,198,197,191,256,223,153,147,167,115,123,101,107
Dengue,2024,GTM,GUATEMALA,2,1548,1548,1745,1700,415,1165,1830,2021,2328,3045,2995,2977,3059,3952,3916,3989,4372,4230,4766,3622,3993,2883,2092,1952,1685,1434,1131,999,793,624,496,540,519,425,372,278,277,231,204,212,187,182,106,198,197,191,256,223,153,147,167,115,123,101
Dengue,2024,GTM,GUATEMALA,3,1518,1518,1548,1745,1700,415,1165,1830,2021,2328,3045,2995,2977,3059,3952,3916,3989,4372,4230,4766,3622,3993,2883,2092,1952,1685,1434,1131,999,793,624,496,540,519,425,372,278,277,231,204,212,187,182,106,198,197,191,256,223,153,147,167,115,123
Dengue,2024,GTM,GUATEMALA,4,1483,1483,1518,1548,1745,1700,415,1165,1830,2021,2328,3045,2995,2977,3059,3952,3916,3989,4372,4230,4766,3622,3993,2883,2092,1952,1685,1434,1131,999,793,624,496,540,519,425,372,278,277,231,204,212,187,182,106,198,197,191,256,223,153,147,167,115
Dengue,2024,GTM,GUATEMALA,5,1302,1302,1483,1518,1548,1745,1700,415,1165,1830,2021,2328,3045,2995,2977,3059,3952,3916,3989,4372,4230,4766,3622,3993,2883,2092,1952,1685,1434,1131,999,793,624,496,540,519,425,372,278,277,231,204,212,187,182,106,198,197,191,256,223,153,147,167
Dengue,2024,GTM,GUATEMALA,6,1184,1184,1302,1483,1518,1548,1745,1700,415,1165,1830,2021,2328,3045,2995,2977,3059,3952,3916,3989,4372,4230,4766,3622,3993,2883,2092,1952,1685,1434,1131,999,793,624,496,540,519,425,372,278,277,231,204,212,187,182,106,198,197,191,256,223,153,147
Dengue,2024,GTM,GUATEMALA,7,1050,1050,1184,1302,1483,1518,1548,1745,1700,415,1165,1830,2021,2328,3045,2995,2977,3059,3952,3916,3989,4372,4230,4766,3622,3993,2883,2092,1952,1685,1434,1131,999,793,624,496,540,519,425,372,278,277,231,204,212,187,182,106,198,197,191,256,223,153
Dengue,2024,GTM,GUATEMALA,8,959,959,1050,1184,1302,1483,1518,1548,1745,1700,415,1165,1830,2021,2328,3045,2995,2977,3059,3952,3916,3989,4372,4230,4766,3622,3993,2883,2092,1952,1685,1434,1131,999,793,624,496,540,519,425,372,278,277,231,204,212,187,182,106,198,197,191,256,223
Dengue,2024,GTM,GUATEMALA,9,1127,1127,959,1050,1184,1302,1483,1518,1548,1745,1700,415,1165,1830,2021,2328,3045,2995,2977,3059,3952,3916,3989,4372,4230,4766,3622,3993,2883,2092,1952,1685,1434,1131,999,793,624,496,540,519,425,372,278,277,231,204,212,187,182,106,198,197,191,256
Dengue,2024,GTM,GUATEMALA,10,1163,1163,1127,959,1050,1184,1302,1483,1518,1548,1745,1700,415,1165,1830,2021,2328,3045,2995,2977,3059,3952,3916,3989,4372,4230,4766,3622,3993,2883,2092,1952,1685,1434,1131,999,793,624,496,540,519,425,372,278,277,231,204,212,187,182,106,198,197,191
Dengue,2024,GTM,GUATEMALA,11,1163,1163,1163,1127,959,1050,1184,1302,1483,1518,1548,1745,1700,415,1165,1830,2021,2328,3045,2995,2977,3059,3952,3916,3989,4372,4230,4766,3622,3993,2883,2092,1952,1685,1434,1131,999,793,624,496,540,519,425,372,278,277,231,204,212,187,182,106,198,197
Dengue,2024,GTM,GUATEMALA,12,735,735,1163,1163,1127,959,1050,1184,1302,1483,1518,1548,1745,1700,415,1165,1830,2021,2328,3045,2995,2977,3059,3952,3916,3989,4372,4230,4766,3622,3993,2883,2092,1952,1685,1434,1131,999,793,624,496,540,519,425,372,278,277,231,204,212,187,182,106,198
Dengue,2024,GTM,GUATEMALA,13,1470,1470,735,1163,1163,1127,959,1050,1184,1302,1483,1518,1548,1745,1700,415,1165,1830,2021,2328,3045,2995,2977,3059,3952,3916,3989,4372,4230,4766,3622,3993,2883,2092,1952,1685,1434,1131,999,793,624,496,540,519,425,372,278,277,231,204,212,187,182,106
Dengue,2024,GTM,GUATEMALA,14,1413,1413,1470,735,1163,1163,1127,959,1050,1184,1302,1483,1518,1548,1745,1700,415,1165,1830,2021,2328,3045,2995,2977,3059,3952,3916,3989,4372,4230,4766,3622,3993,2883,2092,1952,1685,1434,1131,999,793,624,496,540,519,425,372,278,277,231,204,212,187,182
Dengue,2024,GTM,GUATEMALA,15,1486,1486,1413,1470,735,1163,1163,1127,959,1050,1184,1302,1483,1518,1548,1745,1700,415,1165,1830,2021,2328,3045,2995,2977,3059,3952,3916,3989,4372,4230,4766,3622,3993,2883,2092,1952,1685,1434,1131,999,793,624,496,540,519,425,372,278,277,231,204,212,187
Dengue,2024,GTM,GUATEMALA,16,1716,1716,1486,1413,1470,735,1163,1163,1127,959,1050,1184,1302,1483,1518,1548,1745,1700,415,1165,1830,2021,2328,3045,2995,2977,3059,3952,3916,3989,4372,4230,4766,3622,3993,2883,2092,1952,1685,1434,1131,999,793,624,496,540,519,425,372,278,277,231,204,212
Dengue,2024,GTM,GUATEMALA,17,1689,1689,1716,1486,1413,1470,735,1163,1163,1127,959,1050,1184,1302,1483,1518,1548,1745,1700,415,1165,1830,2021,2328,3045,2995,2977,3059,3952,3916,3989,4372,4230,4766,3622,3993,2883,2092,1952,1685,1434,1131,999,793,624,496,540,519,425,372,278,277,231,204
Dengue,2024,GTM,GUATEMALA,18,2100,2100,1689,1716,1486,1413,1470,735,1163,1163,1127,959,1050,1184,1302,1483,1518,1548,1745,1700,415,1165,1830,2021,2328,3045,2995,2977,3059,3952,3916,3989,4372,4230,4766,3622,3993,2883,2092,1952,1685,1434,1131,999,793,624,496,540,519,425,372,278,277,231
Dengue,2024,GTM,GUATEMALA,19,2555,2555,2100,1689,1716,1486,1413,1470,735,1163,1163,1127,959,1050,1184,1302,1483,1518,1548,1745,1700,415,1165,1830,2021,2328,3045,2995,2977,3059,3952,3916,3989,4372,4230,4766,3622,3993,2883,2092,1952,1685,1434,1131,999,793,624,496,540,519,425,372,278,277
Dengue,2024,GTM,GUATEMALA,20,2988,2988,2555,2100,1689,1716,1486,1413,1470,735,1163,1163,1127,959,1050,1184,1302,1483,1518,1548,1745,1700,415,1165,1830,2021,2328,3045,2995,2977,3059,3952,3916,3989,4372,4230,4766,3622,3993,2883,2092,1952,1685,1434,1131,999,793,624,496,540,519,425,372,278
Dengue,2024,GTM,GUATEMALA,21,4152,4152,2988,2555,2100,1689,1716,1486,1413,1470,735,1163,1163,1127,959,1050,1184,1302,1483,1518,1548,1745,1700,415,1165,1830,2021,2328,3045,2995,2977,3059,3952,3916,3989,4372,4230,4766,3622,3993,2883,2092,1952,1685,1434,1131,999,793,624,496,540,519,425,372
Dengue,2024,GTM,GUATEMALA,22,5102,5102,4152,2988,2555,2100,1689,1716,1486,1413,1470,735,1163,1163,1127,959,1050,1184,1302,1483,1518,1548,1745,1700,415,1165,1830,2021,2328,3045,2995,2977,3059,3952,3916,3989,4372,4230,4766,3622,3993,2883,2092,1952,1685,1434,1131,999,793,624,496,540,519,425
Dengue,2024,GTM,GUATEMALA,23,5446,5446,5102,4152,2988,2555,2100,1689,1716,1486,1413,1470,735,1163,1163,1127,959,1050,1184,1302,1483,1518,1548,1745,1700,415,1165,1830,2021,2328,3045,2995,2977,3059,3952,3916,3989,4372,4230,4766,3622,3993,2883,2092,1952,1685,1434,1131,999,793,624,496,540,519
Dengue,2024,GTM,GUATEMALA,24,4870,4870,5446,5102,4152,2988,2555,2100,1689,1716,1486,1413,1470,735,1163,1163,1127,959,1050,1184,1302,1483,1518,1548,1745,1700,415,1165,1830,2021,2328,3045,2995,2977,3059,3952,3916,3989,4372,4230,4766,3622,3993,2883,2092,1952,1685,1434,1131,999,793,624,496,540
Dengue,2024,GTM,GUATEMALA,25,5030,5030,4870,5446,5102,4152,2988,2555,2100,1689,1716,1486,1413,1470,735,1163,1163,1127,959,1050,1184,1302,1483,1518,1548,1745,1700,415,1165,1830,2021,2328,3045,2995,2977,3059,3952,3916,3989,4372,4230,4766,3622,3993,2883,2092,1952,1685,1434,1131,999,793,624,496
Dengue,2024,GTM,GUATEMALA,26,5675,5675,5030,4870,5446,5102,4152,2988,2555,2100,1689,1716,1486,1413,1470,735,1163,1163,1127,959,1050,1184,1302,1483,1518,1548,1745,1700,415,1165,1830,2021,2328,3045,2995,2977,3059,3952,3916,3989,4372,4230,4766,3622,3993,2883,2092,1952,1685,1434,1131,999,793,624
Dengue,2024,GTM,GUATEMALA,27,6334,6334,5675,5030,4870,5446,5102,4152,2988,2555,2100,1689,1716,1486,1413,1470,735,1163,1163,1127,959,1050,1184,1302,1483,1518,1548,1745,1700,415,1165,1830,2021,2328,3045,2995,2977,3059,3952,3916,3989,4372,4230,4766,3622,3993,2883,2092,1952,1685,1434,1131,999,793
Dengue,2024,GTM,GUATEMALA,28,6234,6234,6334,5675,5030,4870,5446,5102,4152,2988,2555,2100,1689,1716,1486,1413,1470,735,1163,1163,1127,959,1050,1184,1302,1483,1518,1548,1745,1700,415,1165,1830,2021,2328,3045,2995,2977,3059,3952,3916,3989,4372,4230,4766,3622,3993,2883,2092,1952,1685,1434,1131,999
Dengue,2024,GTM,GUATEMALA,29,6501,6501,6234,6334,5675,5030,4870,5446,5102,4152,2988,2555,2100,1689,1716,1486,1413,1470,735,1163,1163,1127,959,1050,1184,1302,1483,1518,1548,1745,1700,415,1165,1830,2021,2328,3045,2995,2977,3059,3952,3916,3989,4372,4230,4766,3622,3993,2883,2092,1952,1685,1434,1131
Dengue,2024,GTM,GUATEMALA,30,6490,6490,6501,6234,6334,5675,5030,4870,5446,5102,4152,2988,2555,2100,1689,1716,1486,1413,1470,735,1163,1163,1127,959,1050,1184,1302,1483,1518,1548,1745,1700,415,1165,1830,2021,2328,3045,2995,2977,3059,3952,3916,3989,4372,4230,4766,3622,3993,2883,2092,1952,1685,1434
Dengue,2024,GTM,GUATEMALA,31,6772,6772,6490,6501,6234,6334,5675,5030,4870,5446,5102,4152,2988,2555,2100,1689,1716,1486,1413,1470,735,1163,1163,1127,959,1050,1184,1302,1483,1518,1548,1745,1700,415,1165,1830,2021,2328,3045,2995,2977,3059,3952,3916,3989,4372,4230,4766,3622,3993,2883,2092,1952,1685
Dengue,2024,GTM,GUATEMALA,32,6584,6584,6772,6490,6501,6234,6334,5675,5030,4870,5446,5102,4152,2988,2555,2100,1689,1716,1486,1413,1470,735,1163,1163,1127,959,1050,1184,1302,1483,1518,1548,1745,1700,415,1165,1830,2021,2328,3045,2995,2977,3059,3952,3916,3989,4372,4230,4766,3622,3993,2883,2092,1952
Dengue,2024,GTM,GUATEMALA,33,7029,7029,6584,6772,6490,6501,6234,6334,5675,5030,4870,5446,5102,4152,2988,2555,2100,1689,1716,1486,1413,1470,735,1163,1163,1127,959,1050,1184,1302,1483,1518,1548,1745,1700,415,1165,1830,2021,2328,3045,2995,2977,3059,3952,3916,3989,4372,4230,4766,3622,3993,2883,2092
Dengue,2024,GTM,GUATEMALA,34,7144,7144,7029,6584,6772,6490,6501,6234,6334,5675,5030,4870,5446,5102,4152,2988,2555,2100,1689,1716,1486,1413,1470,735,1163,1163,1127,959,1050,1184,1302,1483,1518,1548,1745,1700,415,1165,1830,2021,2328,3045,2995,2977,3059,3952,3916,3989,4372,4230,4766,3622,3993,2883
Dengue,2024,GTM,GUATEMALA,35,6814,6814,7144,7029,6584,6772,6490,6501,6234,6334,5675,5030,4870,5446,5102,4152,2988,2555,2100,1689,1716,1486,1413,1470,735,1163,1163,1127,959,1050,1184,1302,1483,1518,1548,1745,1700,415,1165,1830,2021,2328,3045,2995,2977,3059,3952,3916,3989,4372,4230,4766,3622,3993
Dengue,2024,GTM,GUATEMALA,36,6838,6838,6814,7144,7029,6584,6772,6490,6501,6234,6334,5675,5030,4870,5446,5102,4152,2988,2555,2100,1689,1716,1486,1413,1470,735,1163,1163,1127,959,1050,1184,1302,1483,1518,1548,1745,1700,415,1165,1830,2021,2328,3045,2995,2977,3059,3952,3916,3989,4372,4230,4766,3622
Dengue,2024,GTM,GUATEMALA,37,7030,7030,6838,6814,7144,7029,6584,6772,6490,6501,6234,6334,5675,5030,4870,5446,5102,4152,2988,2555,2100,1689,1716,1486,1413,1470,735,1163,1163,1127,959,1050,1184,1302,1483,1518,1548,1745,1700,415,1165,1830,2021,2328,3045,2995,2977,3059,3952,3916,3989,4372,4230,4766
Dengue,2024,GTM,GUATEMALA,38,7560,7560,7030,6838,6814,7144,7029,6584,6772,6490,6501,6234,6334,5675,5030,4870,5446,5102,4152,2988,2555,2100,1689,1716,1486,1413,1470,735,1163,1163,1127,959,1050,1184,1302,1483,1518,1548,1745,1700,415,1165,1830,2021,2328,3045,2995,2977,3059,3952,3916,3989,4372,4230
Dengue,2024,GTM,GUATEMALA,39,7123,7123,7560,7030,6838,6814,7144,7029,6584,6772,6490,6501,6234,6334,5675,5030,4870,5446,5102,4152,2988,2555,2100,1689,1716,1486,1413,1470,735,1163,1163,1127,959,1050,1184,1302,1483,1518,1548,1745,1700,415,1165,1830,2021,2328,3045,2995,2977,3059,3952,3916,3989,4372
Dengue,2024,GTM,GUATEMALA,40,6945,6945,7123,7560,7030,6838,6814,7144,7029,6584,6772,6490,6501,6234,6334,5675,5030,4870,5446,5102,4152,2988,2555,2100,1689,1716,1486,1413,1470,735,1163,1163,1127,959,1050,1184,1302,1483,1518,1548,1745,1700,415,1165,1830,2021,2328,3045,2995,2977,3059,3952,3916,3989
Dengue,2024,GTM,GUATEMALA,41,6063,6063,6945,7123,7560,7030,6838,6814,7144,7029,6584,6772,6490,6501,6234,6334,5675,5030,4870,5446,5102,4152,2988,2555,2100,1689,1716,1486,1413,1470,735,1163,1163,1127,959,1050,1184,1302,1483,1518,1548,1745,1700,415,1165,1830,2021,2328,3045,2995,2977,3059,3952,3916
Dengue,2024,GTM,GUATEMALA,42,4409,4409,6063,6945,7123,7560,7030,6838,6814,7144,7029,6584,6772,6490,6501,6234,6334,5675,5030,4870,5446,5102,4152,2988,2555,2100,1689,1716,1486,1413,1470,735,1163,1163,1127,959,1050,1184,1302,1483,1518,1548,1745,1700,415,1165,1830,2021,2328,3045,2995,2977,3059,3952
Dengue,2024,GTM,GUATEMALA,43,3959,3959,4409,6063,6945,7123,7560,7030,6838,6814,7144,7029,6584,6772,6490,6501,6234,6334,5675,5030,4870,5446,5102,4152,2988,2555,2100,1689,1716,1486,1413,1470,735,1163,1163,1127,959,1050,1184,1302,1483,1518,1548,1745,1700,415,1165,1830,2021,2328,3045,2995,2977,3059
Dengue,2024,GTM,GUATEMALA,44,4208,4208,3959,4409,6063,6945,7123,7560,7030,6838,6814,7144,7029,6584,6772,6490,6501,6234,6334,5675,5030,4870,5446,5102,4152,2988,2555,2100,1689,1716,1486,1413,1470,735,1163,1163,1127,959,1050,1184,1302,1483,1518,1548,1745,1700,415,1165,1830,2021,2328,3045,2995,2977
Dengue,2024,GTM,GUATEMALA,45,3410,3410,4208,3959,4409,6063,6945,7123,7560,7030,6838,6814,7144,7029,6584,6772,6490,6501,6234,6334,5675,5030,4870,5446,5102,4152,2988,2555,2100,1689,1716,1486,1413,1470,735,1163,1163,1127,959,1050,1184,1302,1483,1518,1548,1745,1700,415,1165,1830,2021,2328,3045,2995
Dengue,2024,GTM,GUATEMALA,46,2469,2469,3410,4208,3959,4409,6063,6945,7123,7560,7030,6838,6814,7144,7029,6584,6772,6490,6501,6234,6334,5675,5030,4870,5446,5102,4152,2988,2555,2100,1689,1716,1486,1413,1470,735,1163,1163,1127,959,1050,1184,1302,1483,1518,1548,1745,1700,415,1165,1830,2021,2328,3045
Dengue,2024,GTM,GUATEMALA,47,1999,1999,2469,3410,4208,3959,4409,6063,6945,7123,7560,7030,6838,6814,7144,7029,6584,6772,6490,6501,6234,6334,5675,5030,4870,5446,5102,4152,2988,2555,2100,1689,1716,1486,1413,1470,735,1163,1163,1127,959,1050,1184,1302,1483,1518,1548,1745,1700,415,1165,1830,2021,2328
Dengue,2024,GTM,GUATEMALA,48,1577,1577,1999,2469,3410,4208,3959,4409,6063,6945,7123,7560,7030,6838,6814,7144,7029,6584,6772,6490,6501,6234,6334,5675,5030,4870,5446,5102,4152,2988,2555,2100,1689,1716,1486,1413,1470,735,1163,1163,1127,959,1050,1184,1302,1483,1518,1548,1745,1700,415,1165,1830,2021
Dengue,2024,GTM,GUATEMALA,49,1268,1268,1577,1999,2469,3410,4208,3959,4409,6063,6945,7123,7560,7030,6838,6814,7144,7029,6584,6772,6490,6501,6234,6334,5675,5030,4870,5446,5102,4152,2988,2555,2100,1689,1716,1486,1413,1470,735,1163,1163,1127,959,1050,1184,1302,1483,1518,1548,1745,1700,415,1165,1830
Dengue,2024,GTM,GUATEMALA,50,1004,1004,1268,1577,1999,2469,3410,4208,3959,4409,6063,6945,7123,7560,7030,6838,6814,7144,7029,6584,6772,6490,6501,6234,6334,5675,5030,4870,5446,5102,4152,2988,2555,2100,1689,1716,1486,1413,1470,735,1163,1163,1127,959,1050,1184,1302,1483,1518,1548,1745,1700,415,1165
Dengue,2024,GTM,GUATEMALA,51,535,535,1004,1268,1577,1999,2469,3410,4208,3959,4409,6063,6945,7123,7560,7030,6838,6814,7144,7029,6584,6772,6490,6501,6234,6334,5675,5030,4870,5446,5102,4152,2988,2555,2100,1689,1716,1486,1413,1470,735,1163,1163,1127,959,1050,1184,1302,1483,1518,1548,1745,1700,415
Dengue,2024,GTM,GUATEMALA,52,0,0,535,1004,1268,1577,1999,2469,3410,4208,3959,4409,6063,6945,7123,7560,7030,6838,6814,7144,7029,6584,6772,6490,6501,6234,6334,5675,5030,4870,5446,5102,4152,2988,2555,2100,1689,1716,1486,1413,1470,735,1163,1163,1127,959,1050,1184,1302,1483,1518,1548,1745,1700
